t = 142315
b = 55 55 55
E = -10.8512621477123 -11.2620952363588 0.41083308864654
1.42591822559251 -1.87675550329521 -0.170043674620977 0.975332901972086 0.0545336671598685 -0.213896726192248 0.217551297117339 -0.401561832865714 0.88961762994578 -0.0289454486655422 0.00114058442670312 -0.0733079756106731 -0.00261345696877394 0.00264101588574353 -0.00136726859664937
12.5106707254303 -8.90433436528433 2.2657028036049 0.749586816228559 0.546824352390235 -0.372964787304911 0.431282243748094 0.0239440481732073 0.901899278625236 -0.189839766262293 -0.545229305370248 -0.0729812845251462 0.335027760141937 0.750531157768421 -0.53114619014741
14.0963897534973 -7.83303823160557 1.45492642253755 0.776749307434045 0.576115015938338 -0.254464146415696 0.619091308377786 -0.624211341734036 0.476535573427241 0.0544630141342069 -0.212347057430141 0.246028727173152 -0.776928550364586 -0.335891281367292 -0.601120711923992
15.5507787898177 -6.72829886065255 0.887804508250056 0.825872549238046 0.520726160865882 -0.216284067385676 -0.0403699199354599 -0.327989095409294 -0.943818532800127 0.24130697453349 0.110335473162439 0.335660242930956 0.439316693598355 0.0236179445614551 -0.887357416199525
17.2508172759309 -5.77962896610519 0.354848804864332 0.807572040506813 0.514203721966348 -0.28882855071414 -0.463727833466007 0.856211360354516 0.227724840254188 -0.0243020999298001 0.603362665309258 0.30118214093891 0.122849643437099 -0.926555665662958 0.139055129488692
18.9554679409448 -4.62809147158141 -0.263711684070593 0.786597885976707 0.580763705854025 -0.209707614882396 0.610308968430679 -0.679709080396845 0.406839684739763 0.510152944119431 -0.340217345303755 0.0809932545184461 1.00314777986672 -0.552797203489297 0.559583632752155
28.6610204565168 0.0952842652908909 1.27564028819781 0.891506845817992 0.418468989962953 0.173491349347838 -0.0146475113976175 -0.356148569976091 0.93431453296727 -0.0624082352101202 -0.0194438722219638 0.0410550191954927 0.00947533880486647 0.00528716392715009 0.00701843629455273
