t = 2
b = 55 55 55
E = -22.277070044552 -22.857072568471 0.580002523919003
-0.00050983861527872 -5.06166574327807e-05 0.000870284599899939 0.999999094743462 -0.000633926074760221 -0.00118686561492799 0.00118713576162842 0.000425942445929906 0.999999204640542 -0.254933907637847 -0.0253083228198961 0.435142311176452 -0.213159336424717 0.593500434632473 -0.316836563437466
10.998314673003 0.000830759416431216 0.000370935176217694 0.999999909286556 -0.000324324547134495 -0.000276116764289734 0.000276519333924489 0.00124186722546473 0.999999190651099 -0.84263271035445 0.415355239431144 0.185469379399066 -0.620956182383299 0.138158656151858 -0.162123131406331
13.000474850592 -0.00112471102402981 -8.53884366767835e-05 0.999999870730371 -0.00017601818081096 -0.000477029182718378 0.000477026949720425 -1.27279425269117e-05 0.999999886141638 0.237411619469271 -0.562299713332123 -0.0426803214913008 0.00634297830381375 0.238482402552472 -0.0879620115394489
15.0008115616455 0.000194807451860092 -0.000202058600382801 0.999999355425491 -0.000921832924635705 -0.000662851914929437 0.000662157283965368 -0.000753633552000869 0.999999496791974 0.405768905623899 0.0974087644203863 -0.101038961998738 0.376664170971898 0.331188026696351 -0.46094186719394
16.9995571405051 0.000289919320737498 -0.00120553716550529 0.999996931013614 3.06469134460961e-05 0.00247730178211856 -0.00247727415450374 -0.000870869131848544 0.999996552343916 -0.221429263630792 0.144906203628638 -0.602828024270165 0.435415410141045 -1.23844229975606 0.0158220364917756
18.998361056979 -0.000558751210072844 0.000901757114159394 0.999999708511623 0.000574277543483372 -0.000503171911819416 0.000503826975356796 -0.00114110004934191 0.999999222024226 -0.819462546594091 -0.279358732514853 0.450931599658546 0.570622453068182 0.251703208946081 0.286986488143866
30.000402681673 -0.000782407930176196 0.000641763185006648 0.999997948538443 0.000946425176655705 0.00179086523483637 -0.00179054731780745 -0.000336654157232848 0.999998340300763 0.201340794288019 -0.391203755154709 0.32088195388554 0.167903369164012 -0.895350153385442 0.473361152839373
